Entity,Code,Year,Nuclear - % electricity,Fossil fuels - % electricity,Renewables - % electricity
ASEAN (Ember),,2000,0,80.652916,19.347086
ASEAN (Ember),,2001,0,80.93368,19.06632
ASEAN (Ember),,2002,0,82.33569,17.664303
ASEAN (Ember),,2003,0,83.327515,16.672487
ASEAN (Ember),,2004,0,84.29999,15.700016
ASEAN (Ember),,2005,0,84.84733,15.152674
ASEAN (Ember),,2006,0,84.23399,15.766005
ASEAN (Ember),,2007,0,84.311966,15.688036
ASEAN (Ember),,2008,0,83.502525,16.497475
ASEAN (Ember),,2009,0,83.299164,16.700829
ASEAN (Ember),,2010,0,83.512436,16.487564
ASEAN (Ember),,2011,0,81.21261,18.787397
ASEAN (Ember),,2012,0,80.3753,19.624712
ASEAN (Ember),,2013,0,79.65168,20.348326
ASEAN (Ember),,2014,0,80.0352,19.964802
ASEAN (Ember),,2015,0,81.426155,18.573849
ASEAN (Ember),,2016,0,79.82314,20.176855
ASEAN (Ember),,2017,0,76.34639,23.653614
ASEAN (Ember),,2018,0,76.2852,23.714792
ASEAN (Ember),,2019,0,78.81621,21.18379
ASEAN (Ember),,2020,0,76.439514,23.56049
ASEAN (Ember),,2021,0,74.3396,25.660398
ASEAN (Ember),,2022,0,72.27792,27.722073
ASEAN (Ember),,2023,0,74.44561,25.554388
Afghanistan,AFG,2000,0,35.416668,64.583336
Afghanistan,AFG,2001,0,27.536232,72.46377
Afghanistan,AFG,2002,0,21.126762,78.873245
Afghanistan,AFG,2003,0,30.76923,69.23077
Afghanistan,AFG,2004,0,29.113924,70.88607
Afghanistan,AFG,2005,0,28.04878,71.95122
Afghanistan,AFG,2006,0,28.88889,71.111115
Afghanistan,AFG,2007,0,25.742575,74.25742
Afghanistan,AFG,2008,0,30.769232,69.230774
Afghanistan,AFG,2009,0,12.35955,87.64045
Afghanistan,AFG,2010,0,14.772727,85.22727
Afghanistan,AFG,2011,0,22.077923,77.92208
Afghanistan,AFG,2012,0,15.909091,84.09091
Afghanistan,AFG,2013,0,19.81982,80.180176
Afghanistan,AFG,2014,0,13.793104,86.2069
Afghanistan,AFG,2015,0,12.711865,87.28814
Afghanistan,AFG,2016,0,12.396694,87.603294
Afghanistan,AFG,2017,0,13.4920635,86.507935
Afghanistan,AFG,2018,0,17.094017,82.90598
Afghanistan,AFG,2019,0,16.82243,83.17757
Afghanistan,AFG,2020,0,15,85
Afghanistan,AFG,2021,0,15.662651,84.33735
Afghanistan,AFG,2022,0,15.662651,84.33735
Africa,,1985,2.0522358,77.89477,19.197454
Africa,,1986,3.2590466,76.86189,19.179012
Africa,,1987,2.2004602,79.38895,17.738724
Africa,,1988,3.553388,77.57348,18.361074
Africa,,1989,3.6194615,77.44634,18.553274
Africa,,1990,2.6504486,78.50972,18.213531
Africa,,1991,2.814857,77.705894,18.923706
Africa,,1992,2.8328185,78.85432,17.907707
Africa,,1993,2.1396527,80.46844,16.997446
Africa,,1994,2.7600522,80.174225,16.636066
Africa,,1995,3.1158652,79.77498,16.759401
Africa,,1996,3.0813303,79.70317,16.63599
Africa,,1997,3.1548219,79.92282,16.273134
Africa,,1998,3.346219,79.23553,16.825008
Africa,,1999,3.066707,79.01744,17.299372
Africa,,2000,2.9495783,79.47991,17.570509
Africa,,2001,2.3331735,79.53467,18.132154
Africa,,2002,2.458529,79.49312,18.04835
Africa,,2003,2.4865458,80.64776,16.865694
Africa,,2004,2.475284,80.67538,16.849335
Africa,,2005,2.013375,81.23228,16.754347
Africa,,2006,1.7092706,81.59339,16.697342
Africa,,2007,1.8550383,81.675766,16.4692
Africa,,2008,2.0910742,81.42161,16.487316
Africa,,2009,2.0509782,80.88155,17.067469
Africa,,2010,2.012225,80.70019,17.287586
Africa,,2011,1.873067,80.80324,17.323692
Africa,,2012,1.7874123,81.318306,16.894285
Africa,,2013,1.9035926,80.86018,17.236214
Africa,,2014,1.7951522,80.308,17.896847
Africa,,2015,1.5483478,80.414154,18.037495
Africa,,2016,1.8643017,80.13273,18.002977
Africa,,2017,1.7182921,79.48585,18.795864
Africa,,2018,1.3618723,78.88275,19.75538
Africa,,2019,1.5251623,77.81435,20.66048
Africa,,2020,1.1573938,76.458145,22.384466
Africa,,2021,1.3878275,76.19566,22.416506
Africa,,2022,1.1463985,75.54993,23.30367
Africa (EI),,1985,2.0522358,77.89477,19.197454
Africa (EI),,1986,3.2590466,76.861885,19.179014
Africa (EI),,1987,2.2004602,79.38895,17.738724
Africa (EI),,1988,3.5533884,77.57349,18.361078
Africa (EI),,1989,3.6194615,77.44634,18.553274
Africa (EI),,1990,2.6504488,78.509735,18.213533
Africa (EI),,1991,2.8148568,77.70589,18.923704
Africa (EI),,1992,2.8328185,78.85432,17.907707
Africa (EI),,1993,2.1396527,80.46844,16.997446
Africa (EI),,1994,2.7600522,80.174225,16.636066
Africa (EI),,1995,3.1158652,79.77498,16.759401
Africa (EI),,1996,3.0813303,79.703156,16.63599
Africa (EI),,1997,3.1548219,79.92282,16.273134
Africa (EI),,1998,3.346219,79.23553,16.825008
Africa (EI),,1999,3.066707,79.01744,17.299372
Africa (EI),,2000,2.9552343,78.748146,17.655077
Africa (EI),,2001,2.3344026,79.02817,18.218138
Africa (EI),,2002,2.4589417,79.12524,18.005762
Africa (EI),,2003,2.487265,80.06244,16.84927
Africa (EI),,2004,2.4711049,80.04252,16.830812
Africa (EI),,2005,2.014635,80.84733,16.541628
Africa (EI),,2006,1.7101716,81.17094,16.508509
Africa (EI),,2007,1.8528384,81.25096,16.284916
Africa (EI),,2008,2.0851915,81.097115,16.303194
Africa (EI),,2009,2.0319104,80.76209,16.643179
Africa (EI),,2010,2.0103307,80.486885,16.946703
Africa (EI),,2011,1.8743861,80.513824,17.099361
Africa (EI),,2012,1.7943107,81.289474,16.42014
Africa (EI),,2013,1.8922489,80.701454,16.926563
Africa (EI),,2014,1.7903056,79.99756,17.709707
Africa (EI),,2015,1.5481107,80.23431,17.765743
Africa (EI),,2016,1.8791759,79.76794,17.862057
Africa (EI),,2017,1.7170439,79.122536,18.544577
Africa (EI),,2018,1.3628286,78.56114,19.46667
Africa (EI),,2019,1.5246068,77.44251,20.372828
Africa (EI),,2020,1.1622511,75.917015,22.286171
Africa (EI),,2021,1.3864224,75.48101,22.53091
Africa (EI),,2022,1.1188129,75.41273,22.908957
Africa (EI),,2023,0.98596525,74.24127,24.184427
Africa (Ember),,2000,2.9495783,79.47991,17.570509
Africa (Ember),,2001,2.3331738,79.534676,18.132156
Africa (Ember),,2002,2.458529,79.49312,18.04835
Africa (Ember),,2003,2.4865458,80.64776,16.865694
Africa (Ember),,2004,2.475284,80.67538,16.849335
Africa (Ember),,2005,2.013375,81.23228,16.754347
Africa (Ember),,2006,1.7092706,81.59339,16.697342
Africa (Ember),,2007,1.8550383,81.675766,16.4692
Africa (Ember),,2008,2.0910742,81.42161,16.487316
Africa (Ember),,2009,2.0509782,80.88155,17.067469
Africa (Ember),,2010,2.0119557,80.70278,17.285273
Africa (Ember),,2011,1.8728223,80.805756,17.321428
Africa (Ember),,2012,1.7871907,81.32062,16.89219
Africa (Ember),,2013,1.9033616,80.86252,17.234123
Africa (Ember),,2014,1.7949418,80.3103,17.89475
Africa (Ember),,2015,1.5481716,80.4164,18.03544
Africa (Ember),,2016,1.8640937,80.13494,18.000967
Africa (Ember),,2017,1.718105,79.48808,18.793816
Africa (Ember),,2018,1.3617281,78.88498,19.75329
Africa (Ember),,2019,1.5250044,77.81666,20.658342
Africa (Ember),,2020,1.157272,76.46062,22.382109
Africa (Ember),,2021,1.3876873,76.198074,22.41424
Africa (Ember),,2022,1.1422756,75.53947,23.318253
Africa (Ember),,2023,0.92908865,74.709656,24.36125
Albania,ALB,2000,0,3.805497,96.19451
Albania,ALB,2001,0,4.607046,95.39295
Albania,ALB,2002,0,6.199461,93.80054
Albania,ALB,2003,0,2.1032505,97.89675
Albania,ALB,2004,0,2.5225224,97.47747
Albania,ALB,2005,0,1.2987013,98.7013
Albania,ALB,2006,0,1.7857143,98.21428
Albania,ALB,2007,0,2.4734983,97.526505
Albania,ALB,2008,0,0,100
Albania,ALB,2009,0,0,100
Albania,ALB,2010,0,0,100
Albania,ALB,2011,0,1.4319808,98.568016
Albania,ALB,2012,0,0,100
Albania,ALB,2013,0,0,100
Albania,ALB,2014,0,0,100
Albania,ALB,2015,0,0,100
Albania,ALB,2016,0,0,100
Albania,ALB,2017,0,0,100
Albania,ALB,2018,0,0,100
Albania,ALB,2019,0,0,100
Albania,ALB,2020,0,0,100
Albania,ALB,2021,0,0,100
Albania,ALB,2022,0,0,100
Algeria,DZA,1985,0,,
Algeria,DZA,1986,0,,
Algeria,DZA,1987,0,,
Algeria,DZA,1988,0,,
Algeria,DZA,1989,0,,
Algeria,DZA,1990,0,,0.8383011
Algeria,DZA,1991,0,,1.6892477
Algeria,DZA,1992,0,,1.0882642
Algeria,DZA,1993,0,,1.8182755
Algeria,DZA,1994,0,,0.83488405
Algeria,DZA,1995,0,,0.9789501
Algeria,DZA,1996,0,,0.6536265
Algeria,DZA,1997,0,,0.34888592
Algeria,DZA,1998,0,,0.9242542
Algeria,DZA,1999,0,,0.8199701
Algeria,DZA,2000,0,99.803154,0.19685039
Algeria,DZA,2001,0,99.73704,0.26296017
Algeria,DZA,2002,0,99.783005,0.21699819
Algeria,DZA,2003,0,99.120735,0.87926954
Algeria,DZA,2004,0,99.2,0.8
Algeria,DZA,2005,0,98.37806,1.6219405
Algeria,DZA,2006,0,99.37553,0.6244678
Algeria,DZA,2007,0,99.40845,0.5915569
Algeria,DZA,2008,0,99.304,0.695998
Algeria,DZA,2009,0,99.22078,0.7792208
Algeria,DZA,2010,0,99.62825,0.37174723
Algeria,DZA,2011,0,99.02382,0.97618115
Algeria,DZA,2012,0,98.91986,1.0801394
Algeria,DZA,2013,0,99.44899,0.5510102
Algeria,DZA,2014,0,99.611015,0.388984
Algeria,DZA,2015,0,99.68043,0.31958166
Algeria,DZA,2016,0,99.521385,0.4786036
Algeria,DZA,2017,0,99.15867,0.84133035
Algeria,DZA,2018,0,98.983185,1.0168166
Algeria,DZA,2019,0,98.97034,1.0296642
Algeria,DZA,2020,0,99.078514,0.9214845
Algeria,DZA,2021,0,99.22762,0.77238154
Algeria,DZA,2022,0,99.22885,0.77114993
Algeria,DZA,2023,0,,0.8541283
American Samoa,ASM,2000,0,100,0
American Samoa,ASM,2001,0,100,0
American Samoa,ASM,2002,0,99.99999,0
American Samoa,ASM,2003,0,100,0
American Samoa,ASM,2004,0,100,0
American Samoa,ASM,2005,0,100,0
American Samoa,ASM,2006,0,100,0
American Samoa,ASM,2007,0,100,0
American Samoa,ASM,2008,0,100,0
American Samoa,ASM,2009,0,99.99999,0
American Samoa,ASM,2010,0,100,0
American Samoa,ASM,2011,0,100,0
American Samoa,ASM,2012,0,100,0
American Samoa,ASM,2013,0,100,0
American Samoa,ASM,2014,0,100,0
American Samoa,ASM,2015,0,100,0
American Samoa,ASM,2016,0,100,0
American Samoa,ASM,2017,0,100,0
American Samoa,ASM,2018,0,100,0
American Samoa,ASM,2019,0,100,0
American Samoa,ASM,2020,0,100,0
American Samoa,ASM,2021,0,100,0
American Samoa,ASM,2022,0,94.44444,5.5555553
Angola,AGO,2000,0,36.80555,63.194443
Angola,AGO,2001,0,37.80488,62.19512
Angola,AGO,2002,0,35.227272,64.77273
Angola,AGO,2003,0,37.688442,62.311558
Angola,AGO,2004,0,21.875,78.125
Angola,AGO,2005,0,15.589353,84.410645
Angola,AGO,2006,0,14.7651005,85.2349
Angola,AGO,2007,0,23.148148,76.85185
Angola,AGO,2008,0,22.222221,77.77777
Angola,AGO,2009,0,33.401222,66.59878
Angola,AGO,2010,0,32.05128,67.948715
Angola,AGO,2011,0,28.975266,71.024734
Angola,AGO,2012,0,29.015545,70.98446
Angola,AGO,2013,0,41.963192,58.03681
Angola,AGO,2014,0,47.17573,52.82427
Angola,AGO,2015,0,45.398773,54.601227
Angola,AGO,2016,0,41.438984,58.561024
Angola,AGO,2017,0,28.584642,71.41535
Angola,AGO,2018,0,20.547945,79.45205
Angola,AGO,2019,0,26.801516,73.19849
Angola,AGO,2020,0,24.390245,75.60976
Angola,AGO,2021,0,24.569733,75.43027
Angola,AGO,2022,0,24.970484,75.02951
Antigua and Barbuda,ATG,2000,0,100,0
Antigua and Barbuda,ATG,2001,0,100,0
Antigua and Barbuda,ATG,2002,0,100,0
Antigua and Barbuda,ATG,2003,0,100,0
Antigua and Barbuda,ATG,2004,0,100,0
Antigua and Barbuda,ATG,2005,0,100,0
Antigua and Barbuda,ATG,2006,0,100,0
Antigua and Barbuda,ATG,2007,0,100,0
Antigua and Barbuda,ATG,2008,0,100,0
Antigua and Barbuda,ATG,2009,0,99.99999,0
Antigua and Barbuda,ATG,2010,0,99.99999,0
Antigua and Barbuda,ATG,2011,0,99.99999,0
Antigua and Barbuda,ATG,2012,0,99.99999,0
Antigua and Barbuda,ATG,2013,0,99.99999,0
Antigua and Barbuda,ATG,2014,0,100,0
Antigua and Barbuda,ATG,2015,0,97.14286,2.857143
Antigua and Barbuda,ATG,2016,0,100,0
Antigua and Barbuda,ATG,2017,0,97.14286,2.857143
Antigua and Barbuda,ATG,2018,0,97.22222,2.7777777
Antigua and Barbuda,ATG,2019,0,97.22222,2.7777777
Antigua and Barbuda,ATG,2020,0,94.28571,5.714286
Antigua and Barbuda,ATG,2021,0,94.28571,5.714286
Antigua and Barbuda,ATG,2022,0,94.44444,5.5555553
Argentina,ARG,1985,12.727429,41.419544,
Argentina,ARG,1986,11.649825,45.197803,
Argentina,ARG,1987,12.40519,45.345196,
Argentina,ARG,1988,11.04391,59.597527,
Argentina,ARG,1989,9.907042,63.709454,
Argentina,ARG,1990,14.275102,49.90442,34.989185
Argentina,ARG,1991,14.401829,54.799755,29.710293
Argentina,ARG,1992,12.620506,52.20377,34.389725
Argentina,ARG,1993,12.526512,48.27552,38.57245
Argentina,ARG,1994,12.549138,45.143917,41.73245
Argentina,ARG,1995,10.519694,49.120033,39.635246
Argentina,ARG,1996,10.692402,56.030098,32.54642
Argentina,ARG,1997,10.986377,49.855396,38.803555
Argentina,ARG,1998,10.048597,53.7695,36.01876
Argentina,ARG,1999,8.800573,63.99072,26.86689
Argentina,ARG,2000,6.9453807,60.463024,32.59159
Argentina,ARG,2001,7.832261,51.131573,41.036167
Argentina,ARG,2002,6.880246,50.11231,43.00745
Argentina,ARG,2003,8.222005,54.024113,37.75388
Argentina,ARG,2004,7.849591,60.831837,31.318571
Argentina,ARG,2005,6.496454,60.20804,33.29551
Argentina,ARG,2006,6.8059597,58.68818,34.505863
Argentina,ARG,2007,6.38654,65.11628,28.497179
Argentina,ARG,2008,6.0618486,67.32015,26.617996
Argentina,ARG,2009,6.6873775,64.00425,29.308369
Argentina,ARG,2010,5.7222223,66.68254,27.595238
Argentina,ARG,2011,4.9424663,69.874115,25.18341
Argentina,ARG,2012,4.70519,72.51139,22.783413
Argentina,ARG,2013,4.453209,70.61312,24.933668
Argentina,ARG,2014,3.977191,71.091385,24.931429
Argentina,ARG,2015,4.84115,71.482605,23.676249
Argentina,ARG,2016,5.625765,72.97867,21.39557
Argentina,ARG,2017,4.182405,72.68732,23.13028
Argentina,ARG,2018,4.6804743,71.32443,23.995094
Argentina,ARG,2019,6.048878,69.02458,24.926538
Argentina,ARG,2020,6.9206305,67.76134,25.318031
Argentina,ARG,2021,6.6405487,69.17402,24.18544
Argentina,ARG,2022,4.9525957,66.319695,28.727707
Argentina,ARG,2023,5.833279,59.46686,34.699863
Armenia,ARM,2000,31.833908,46.53979,21.626297
Armenia,ARM,2001,34.66899,48.606274,16.72474
Armenia,ARM,2002,39.359695,29.755178,30.885122
Armenia,ARM,2003,34.339622,28.679245,36.981133
Armenia,ARM,2004,37.996548,27.806562,34.19689
Armenia,ARM,2005,41.118423,30.098684,28.782896
Armenia,ARM,2006,42.381786,25.91944,31.698774
Armenia,ARM,2007,41.446205,26.27866,32.27513
Armenia,ARM,2008,38.474575,31.355932,30.16949
Armenia,ARM,2009,42.09559,21.139706,36.764706
Armenia,ARM,2010,36.523125,22.966507,40.51037
Armenia,ARM,2011,32.732315,33.148407,34.119278
Armenia,ARM,2012,27.109972,43.47826,29.411764
Armenia,ARM,2013,28.971964,42.323097,28.704943
Armenia,ARM,2014,30.146082,43.6919,26.162018
Armenia,ARM,2015,34.039734,37.08609,28.874172
Armenia,ARM,2016,30.84507,36.338028,32.816902
Armenia,ARM,2017,32.005314,38.11421,29.880478
Armenia,ARM,2018,25.032938,44.53228,30.434782
Armenia,ARM,2019,27.102804,40.720963,32.17624
Armenia,ARM,2020,33.376965,41.492146,25.13089
Armenia,ARM,2021,23.963732,43.782383,32.253887
Armenia,ARM,2022,29.988596,43.443554,26.567844
Aruba,ABW,2000,0,100,0
Aruba,ABW,2001,0,100,0
Aruba,ABW,2002,0,100,0
Aruba,ABW,2003,0,100,0
Aruba,ABW,2004,0,100,0
Aruba,ABW,2005,0,100,0
Aruba,ABW,2006,0,100,0
Aruba,ABW,2007,0,100,0
Aruba,ABW,2008,0,100,0
Aruba,ABW,2009,0,96.84211,3.1578948
Aruba,ABW,2010,0,88.297874,11.702127
Aruba,ABW,2011,0,88.17204,11.827957
Aruba,ABW,2012,0,84.78261,15.217391
Aruba,ABW,2013,0,84.04256,15.957448
Aruba,ABW,2014,0,82.97872,17.021276
Aruba,ABW,2015,0,81.4433,18.5567
Aruba,ABW,2016,0,85.106384,14.893617
Aruba,ABW,2017,0,85.56701,14.432989
Aruba,ABW,2018,0,84.375,15.625001
Aruba,ABW,2019,0,84.53608,15.463918
Aruba,ABW,2020,0,84.53608,15.463918
Aruba,ABW,2021,0,84.69388,15.306123
Aruba,ABW,2022,0,84.69388,15.306123
Asia,,1985,10.712412,72.92564,18.012842
Asia,,1986,10.782604,73.57976,17.209082
Asia,,1987,11.767474,73.266815,16.420391
Asia,,1988,10.360993,73.5026,17.547583
Asia,,1989,10.097478,74.39635,16.80514
Asia,,1990,10.114105,74.78768,16.310694
Asia,,1991,10.257708,75.13077,15.668732
Asia,,1992,9.966436,76.13611,14.943962
Asia,,1993,10.513147,74.458176,15.741603
Asia,,1994,10.413411,75.55609,14.602647
Asia,,1995,10.782255,74.615486,14.892655
Asia,,1996,10.849707,75.32358,14.105415
Asia,,1997,11.032581,75.798294,13.530332
Asia,,1998,11.130183,75.23517,13.910336
Asia,,1999,10.799929,76.58322,13.037618
Asia,,2000,10.429921,76.84637,12.723709
Asia,,2001,10.13425,76.736404,13.129342
Asia,,2002,9.749949,77.42781,12.822245
Asia,,2003,8.080789,79.42034,12.498868
Asia,,2004,8.513727,78.122284,13.363989
Asia,,2005,8.267405,78.599724,13.132869
Asia,,2006,7.8613887,78.7717,13.36691
Asia,,2007,6.956456,80.045975,12.997566
Asia,,2008,6.4852014,79.19269,14.322116
Asia,,2009,6.5770926,79.57645,13.846463
Asia,,2010,6.306599,78.922035,14.77136
Asia,,2011,4.8897414,80.79082,14.319439
Asia,,2012,3.350651,80.82371,15.825644
Asia,,2013,3.1877806,80.413506,16.398716
Asia,,2014,3.2525373,79.39213,17.355335
Asia,,2015,3.6187103,77.95795,18.42335
Asia,,2016,3.8641002,77.09711,19.038788
Asia,,2017,3.8491032,76.41703,19.733868
Asia,,2018,4.0650134,75.58751,20.347473
Asia,,2019,4.5899262,73.69856,21.711506
Asia,,2020,4.5927887,72.53063,22.876583
Asia,,2021,4.6809077,71.868645,23.450443
Asia,,2022,4.730567,70.590614,24.678816
Asia (Ember),,2000,11.938169,74.435486,13.626339
Asia (Ember),,2001,11.593876,74.136826,14.269298
Asia (Ember),,2002,11.152141,75.16035,13.687514
Asia (Ember),,2003,9.2335415,77.47693,13.28953
Asia (Ember),,2004,9.687871,76.27434,14.037787
Asia (Ember),,2005,9.419951,76.73126,13.848781
Asia (Ember),,2006,8.942696,77.01209,14.045216
Asia (Ember),,2007,7.897563,78.27726,13.825174
Asia (Ember),,2008,7.360334,77.06277,15.576899
Asia (Ember),,2009,7.4680767,77.49526,15.036664
Asia (Ember),,2010,7.1640162,76.9699,15.866082
Asia (Ember),,2011,5.521034,79.17865,15.300313
Asia (Ember),,2012,3.7725139,79.279335,16.948149
Asia (Ember),,2013,3.5495622,78.929596,17.52084
Asia (Ember),,2014,3.6324246,77.498146,18.869432
Asia (Ember),,2015,4.0678926,76.03937,19.89274
Asia (Ember),,2016,4.312333,75.193344,20.494318
Asia (Ember),,2017,4.300324,74.32075,21.378935
Asia (Ember),,2018,4.5133924,73.563576,21.923029
Asia (Ember),,2019,5.1013303,71.98061,22.918049
Asia (Ember),,2020,5.089143,70.59717,24.313692
Asia (Ember),,2021,5.128104,69.79874,25.073158
Asia (Ember),,2022,5.0966125,68.52768,26.375711
Asia (Ember),,2023,5.1573567,68.13071,26.711927
Asia Pacific (EI),,1985,12.171673,67.44571,19.778849
Asia Pacific (EI),,1986,12.449088,67.569855,19.27516
Asia Pacific (EI),,1987,13.518992,68.06083,17.704214
Asia Pacific (EI),,1988,11.807695,69.35224,18.161242
Asia Pacific (EI),,1989,11.603081,69.64217,18.1077
Asia Pacific (EI),,1990,11.626828,70.754684,17.081224
Asia Pacific (EI),,1991,11.612293,71.368004,16.450388
Asia Pacific (EI),,1992,11.305625,72.90867,15.282557
Asia Pacific (EI),,1993,11.936618,71.55857,15.887745
Asia Pacific (EI),,1994,11.7148075,72.92309,14.811179
Asia Pacific (EI),,1995,12.080385,72.14454,15.184652
Asia Pacific (EI),,1996,12.075101,73.18214,14.167064
Asia Pacific (EI),,1997,12.276173,73.4289,13.696087
Asia Pacific (EI),,1998,12.428148,72.84232,14.183978
Asia Pacific (EI),,1999,12.034069,74.027245,13.465779
Asia Pacific (EI),,2000,11.66557,74.57707,13.288103
Asia Pacific (EI),,2001,11.311875,74.386955,13.845871
Asia Pacific (EI),,2002,10.903235,75.40028,13.248007
Asia Pacific (EI),,2003,9.060779,77.76844,12.752628
Asia Pacific (EI),,2004,9.522615,76.40683,13.70637
Asia Pacific (EI),,2005,9.262633,76.993706,13.437138
Asia Pacific (EI),,2006,8.794596,77.17308,13.744076
Asia Pacific (EI),,2007,7.7647567,78.40274,13.558873
Asia Pacific (EI),,2008,7.2418637,77.23157,15.293235
Asia Pacific (EI),,2009,7.3408194,77.62959,14.795341
Asia Pacific (EI),,2010,7.0582933,76.90557,15.541111
Asia Pacific (EI),,2011,5.4426594,78.88746,15.189453
Asia Pacific (EI),,2012,3.695363,79.24625,16.611591
Asia Pacific (EI),,2013,3.5053394,78.56867,17.49313
Asia Pacific (EI),,2014,3.5927017,77.15885,18.818232
Asia Pacific (EI),,2015,4.018506,75.723305,19.830738
Asia Pacific (EI),,2016,4.258555,74.35556,20.478386
Asia Pacific (EI),,2017,4.25061,73.56339,21.263021
Asia Pacific (EI),,2018,4.4617977,72.71162,21.957844
Asia Pacific (EI),,2019,5.049446,71.15966,23.002861
Asia Pacific (EI),,2020,5.039239,69.58444,24.557985
Asia Pacific (EI),,2021,5.099947,68.70215,25.39346
Asia Pacific (EI),,2022,5.0731497,67.207115,26.82712
Asia Pacific (EI),,2023,5.110951,66.92466,27.102112
Australia,AUS,1985,0,85.33957,
Australia,AUS,1986,0,85.03401,
Australia,AUS,1987,0,86.246735,
Australia,AUS,1988,0,85.901215,
Australia,AUS,1989,0,86.97708,
Australia,AUS,1990,0,89.5595,9.9702215
Australia,AUS,1991,0,89.45298,10.368504
Australia,AUS,1992,0,89.440796,10.299597
Australia,AUS,1993,0,89.425964,10.323703
Australia,AUS,1994,0,89.912346,9.9148655
Australia,AUS,1995,0,90.39024,9.407731
Australia,AUS,1996,0,90.41199,9.408694
Australia,AUS,1997,0,90.83093,8.989149
Australia,AUS,1998,0,91.335785,8.488753
Australia,AUS,1999,0,91.36847,8.457536
Australia,AUS,2000,0,91.91071,8.089287
Australia,AUS,2001,0,92.30358,7.696424
Australia,AUS,2002,0,91.968315,8.031679
Australia,AUS,2003,0,91.74154,8.258465
Australia,AUS,2004,0,91.54561,8.454391
Australia,AUS,2005,0,91.020195,8.979804
Australia,AUS,2006,0,91.11727,8.882726
Australia,AUS,2007,0,91.65673,8.343271
Australia,AUS,2008,0,92.208,7.7919965
Australia,AUS,2009,0,91.93278,8.067227
Australia,AUS,2010,0,91.17026,8.829741
Australia,AUS,2011,0,88.05603,11.943968
Australia,AUS,2012,0,87.92388,12.076118
Australia,AUS,2013,0,85.76295,14.237058
Australia,AUS,2014,0,86.77165,13.228346
Australia,AUS,2015,0,85.90495,14.095043
Australia,AUS,2016,0,83.83611,16.163885
Australia,AUS,2017,0,84.866974,15.133026
Australia,AUS,2018,0,81.156,18.844
Australia,AUS,2019,0,79.21775,20.78225
Australia,AUS,2020,0,75.76352,24.236483
Australia,AUS,2021,0,71.10861,28.891378
Australia,AUS,2022,0,66.78487,33.215137
Australia,AUS,2023,0,63.927387,36.07261
Austria,AUT,1985,0,,
Austria,AUT,1986,0,,
Austria,AUT,1987,0,,
Austria,AUT,1988,0,,
Austria,AUT,1989,0,,
Austria,AUT,1990,0,33.75279,66.24721
Austria,AUT,1991,0,34.908295,65.09171
Austria,AUT,1992,0,27.520546,72.479454
Austria,AUT,1993,0,25.842915,74.15708
Austria,AUT,1994,0,28.970163,71.02984
Austria,AUT,1995,0,29.318802,70.6812
Austria,AUT,1996,0,33.040222,66.95978
Austria,AUT,1997,0,31.96618,68.03382
Austria,AUT,1998,0,30.078827,69.92117
Austria,AUT,1999,0,29.085735,70.91427
Austria,AUT,2000,0,27.162981,72.83702
Austria,AUT,2001,0,30.731388,69.268616
Austria,AUT,2002,0,30.892298,69.107704
Austria,AUT,2003,0,39.209934,60.790066
Austria,AUT,2004,0,35.941795,64.058205
Austria,AUT,2005,0,36.492153,63.507843
Austria,AUT,2006,0,34.64073,65.35927
Austria,AUT,2007,0,31.290783,68.70921
Austria,AUT,2008,0,30.832558,69.16745
Austria,AUT,2009,0,28.741884,71.25812
Austria,AUT,2010,0,33.662636,66.337364
Austria,AUT,2011,0,34.228294,65.771706
Austria,AUT,2012,0,25.229424,74.77058
Austria,AUT,2013,0,21.766071,78.233925
Austria,AUT,2014,0,18.440292,81.55971
Austria,AUT,2015,0,22.9686,77.0314
Austria,AUT,2016,0,21.2579,78.742096
Austria,AUT,2017,0,23.908186,76.09182
Austria,AUT,2018,0,22.59162,77.40839
Austria,AUT,2019,0,22.704765,77.29523
Austria,AUT,2020,0,19.727694,80.27231
Austria,AUT,2021,0,20.890821,79.10918
Austria,AUT,2022,0,21.945526,78.054474
Austria,AUT,2023,0,15.5167265,84.48328
Azerbaijan,AZE,1985,0,,
Azerbaijan,AZE,1986,0,,
Azerbaijan,AZE,1987,0,,
Azerbaijan,AZE,1988,0,,
Azerbaijan,AZE,1989,0,,
Azerbaijan,AZE,1990,0,,7.1613684
Azerbaijan,AZE,1991,0,,7.5025053
Azerbaijan,AZE,1992,0,,8.841448
Azerbaijan,AZE,1993,0,,12.73424
Azerbaijan,AZE,1994,0,,10.414888
Azerbaijan,AZE,1995,0,,9.1293125
Azerbaijan,AZE,1996,0,,8.996196
Azerbaijan,AZE,1997,0,,10.168686
Azerbaijan,AZE,1998,0,,10.8419
Azerbaijan,AZE,1999,0,,8.285651
Azerbaijan,AZE,2000,0,91.86295,8.137045
Azerbaijan,AZE,2001,0,93.196205,6.8037977
Azerbaijan,AZE,2002,0,89.29336,10.706638
Azerbaijan,AZE,2003,0,88.52305,11.476952
Azerbaijan,AZE,2004,0,87.43094,12.569061
Azerbaijan,AZE,2005,0,86.95271,13.047285
Azerbaijan,AZE,2006,0,89.84088,10.159119
Azerbaijan,AZE,2007,0,89.275894,10.724106
Azerbaijan,AZE,2008,0,89.77798,10.222016
Azerbaijan,AZE,2009,0,87.851456,12.1485405
Azerbaijan,AZE,2010,0,81.735405,18.264595
Azerbaijan,AZE,2011,0,86.9265,13.073507
Azerbaijan,AZE,2012,0,92.1637,7.8363085
Azerbaijan,AZE,2013,0,93.29032,6.709677
Azerbaijan,AZE,2014,0,94.43768,5.5623226
Azerbaijan,AZE,2015,0,93.04029,6.9597073
Azerbaijan,AZE,2016,0,91.58954,8.410462
Azerbaijan,AZE,2017,0,92.23782,7.7621803
Azerbaijan,AZE,2018,0,92.24036,7.75965
Azerbaijan,AZE,2019,0,93.10212,6.8978806
Azerbaijan,AZE,2020,0,94.87379,5.1262136
Azerbaijan,AZE,2021,0,94.5304,5.469593
Azerbaijan,AZE,2022,0,93.64201,6.3579817
Azerbaijan,AZE,2023,0,,6.8625546
Bahamas,BHS,2000,0,100,0
Bahamas,BHS,2001,0,100,0
Bahamas,BHS,2002,0,100,0
Bahamas,BHS,2003,0,100,0
Bahamas,BHS,2004,0,100,0
Bahamas,BHS,2005,0,100,0
Bahamas,BHS,2006,0,100,0
Bahamas,BHS,2007,0,100,0
Bahamas,BHS,2008,0,100,0
Bahamas,BHS,2009,0,100,0
Bahamas,BHS,2010,0,100,0
Bahamas,BHS,2011,0,100,0
Bahamas,BHS,2012,0,100,0
Bahamas,BHS,2013,0,100,0
Bahamas,BHS,2014,0,100,0
Bahamas,BHS,2015,0,100,0
Bahamas,BHS,2016,0,100,0
Bahamas,BHS,2017,0,100,0
Bahamas,BHS,2018,0,100,0
Bahamas,BHS,2019,0,100,0
Bahamas,BHS,2020,0,100,0
Bahamas,BHS,2021,0,100,0
Bahamas,BHS,2022,0,100,0
Bahrain,BHR,2000,0,100,0
Bahrain,BHR,2001,0,100,0
Bahrain,BHR,2002,0,100,0
Bahrain,BHR,2003,0,100,0
Bahrain,BHR,2004,0,100,0
Bahrain,BHR,2005,0,100,0
Bahrain,BHR,2006,0,99.99999,0
Bahrain,BHR,2007,0,100,0
Bahrain,BHR,2008,0,100,0
Bahrain,BHR,2009,0,100,0
Bahrain,BHR,2010,0,100,0
Bahrain,BHR,2011,0,100,0
Bahrain,BHR,2012,0,100,0
Bahrain,BHR,2013,0,100,0
Bahrain,BHR,2014,0,99.96332,0.036683787
Bahrain,BHR,2015,0,99.9649,0.035100035
Bahrain,BHR,2016,0,99.964935,0.035063114
Bahrain,BHR,2017,0,99.96579,0.034211427
Bahrain,BHR,2018,0,99.96616,0.033840947
Bahrain,BHR,2019,0,99.969795,0.030211482
Bahrain,BHR,2020,0,99.97004,0.029967038
Bahrain,BHR,2021,0,99.97048,0.029515937
Bahrain,BHR,2022,0,99.97186,0.02813731
Bangladesh,BGD,1985,0,,16.320673
Bangladesh,BGD,1986,0,,9.375
Bangladesh,BGD,1987,0,,9.253625
Bangladesh,BGD,1988,0,,10.319523
Bangladesh,BGD,1989,0,,12.930429
Bangladesh,BGD,1990,0,,11.433006
Bangladesh,BGD,1991,0,,10.133011
Bangladesh,BGD,1992,0,,8.949854
Bangladesh,BGD,1993,0,,6.604388
Bangladesh,BGD,1994,0,,8.65699
Bangladesh,BGD,1995,0,,3.442532
Bangladesh,BGD,1996,0,,6.4406486
Bangladesh,BGD,1997,0,,6.0634174
Bangladesh,BGD,1998,0,,6.714796
Bangladesh,BGD,1999,0,,5.764706
Bangladesh,BGD,2000,0,94.10289,5.8971143
Bangladesh,BGD,2001,0,94.361336,5.638665
Bangladesh,BGD,2002,0,94.4591,5.5408964
Bangladesh,BGD,2003,0,94.41954,5.5804687
Bangladesh,BGD,2004,0,95.18504,4.8149624
Bangladesh,BGD,2005,0,95.25223,4.7477746
Bangladesh,BGD,2006,0,95.39125,4.608753
Bangladesh,BGD,2007,0,97.5476,2.452404
Bangladesh,BGD,2008,0,97.19544,2.8045576
Bangladesh,BGD,2009,0,98.73757,1.2624228
Bangladesh,BGD,2010,0,97.96867,2.0313265
Bangladesh,BGD,2011,0,97.783806,2.2161918
Bangladesh,BGD,2012,0,98.12834,1.8716578
Bangladesh,BGD,2013,0,97.994,2.0059993
Bangladesh,BGD,2014,0,98.60838,1.3916147
Bangladesh,BGD,2015,0,98.650696,1.3493
Bangladesh,BGD,2016,0,98.205246,1.7947606
Bangladesh,BGD,2017,0,98.24371,1.7562969
Bangladesh,BGD,2018,0,98.26208,1.737917
Bangladesh,BGD,2019,0,98.691345,1.3086536
Bangladesh,BGD,2020,0,98.488785,1.5112162
Bangladesh,BGD,2021,0,98.57829,1.4217018
Bangladesh,BGD,2022,0,98.69595,1.3040495
Bangladesh,BGD,2023,0,98.49182,1.5081774
Barbados,BRB,2000,0,100,0
Barbados,BRB,2001,0,100,0
Barbados,BRB,2002,0,100,0
Barbados,BRB,2003,0,100,0
Barbados,BRB,2004,0,100,0
Barbados,BRB,2005,0,100,0
Barbados,BRB,2006,0,100,0
Barbados,BRB,2007,0,100,0
Barbados,BRB,2008,0,100,0
Barbados,BRB,2009,0,100,0
Barbados,BRB,2010,0,100,0
Barbados,BRB,2011,0,100,0
Barbados,BRB,2012,0,100,0
Barbados,BRB,2013,0,100,0
Barbados,BRB,2014,0,99.02913,0.97087383
Barbados,BRB,2015,0,99.03847,0.9615385
Barbados,BRB,2016,0,98.095245,1.904762
Barbados,BRB,2017,0,97.11539,2.8846154
Barbados,BRB,2018,0,97.11539,2.8846154
Barbados,BRB,2019,0,96.22642,3.773585
Barbados,BRB,2020,0,93.39623,6.603774
Barbados,BRB,2021,0,92.452835,7.54717
Barbados,BRB,2022,0,92.660545,7.3394494
Belarus,BLR,1985,0,,
Belarus,BLR,1986,0,,
Belarus,BLR,1987,0,,
Belarus,BLR,1988,0,,
Belarus,BLR,1989,0,,
Belarus,BLR,1990,0,,0.050599605
Belarus,BLR,1991,0,,0.0464696
Belarus,BLR,1992,0,,0.04521878
Belarus,BLR,1993,0,,0.056939077
Belarus,BLR,1994,0,,0.060515337
Belarus,BLR,1995,0,,0.080263264
Belarus,BLR,1996,0,,0.06743088
Belarus,BLR,1997,0,,0.08059254
Belarus,BLR,1998,0,,0.119189516
Belarus,BLR,1999,0,,0.07165485
Belarus,BLR,2000,0,99.885056,0.11494253
Belarus,BLR,2001,0,99.88033,0.11966494
Belarus,BLR,2002,0,99.88663,0.11337869
Belarus,BLR,2003,0,99.88735,0.1126549
Belarus,BLR,2004,0,99.90385,0.09615384
Belarus,BLR,2005,0,99.870804,0.12919897
Belarus,BLR,2006,0,99.87425,0.12574662
Belarus,BLR,2007,0,99.84292,0.15708451
Belarus,BLR,2008,0,99.800285,0.19971469
Belarus,BLR,2009,0,99.637794,0.36219952
Belarus,BLR,2010,0,99.59884,0.4011461
Belarus,BLR,2011,0,99.56509,0.4349177
Belarus,BLR,2012,0,99.318405,0.6815969
Belarus,BLR,2013,0,99.04792,0.95207876
Belarus,BLR,2014,0,99.16522,0.8347725
Belarus,BLR,2015,0,99.00264,0.99735993
Belarus,BLR,2016,0,98.71909,1.2809056
Belarus,BLR,2017,0,97.73979,2.2602146
Belarus,BLR,2018,0,97.92254,2.0774558
Belarus,BLR,2019,0,97.42956,2.57044
Belarus,BLR,2020,0.8822003,95.61494,3.502854
Belarus,BLR,2021,13.988383,82.76864,3.2429817
Belarus,BLR,2022,12.118073,84.48991,3.392025
Belarus,BLR,2023,28.062479,,2.7083464
Belgium,BEL,1985,60.36252,,
Belgium,BEL,1986,67.13818,,
Belgium,BEL,1987,66.22847,,
Belgium,BEL,1988,65.956635,,
Belgium,BEL,1989,61.019733,,
Belgium,BEL,1990,60.776783,38.426517,0.7966994
Belgium,BEL,1991,60.205082,39.03638,0.75853354
Belgium,BEL,1992,60.851303,38.280594,0.8681042
Belgium,BEL,1993,59.83162,39.44064,0.7277397
Belgium,BEL,1994,56.938606,42.206337,0.85506034
Belgium,BEL,1995,56.2568,42.831886,0.9113167
Belgium,BEL,1996,57.679,41.575726,0.7452755
Belgium,BEL,1997,60.87571,38.353878,0.7704161
Belgium,BEL,1998,56.24315,42.83104,0.9258132
Belgium,BEL,1999,58.798126,40.18232,1.0195514
Belgium,BEL,2000,58.171276,40.560455,1.2682691
Belgium,BEL,2001,58.946968,39.679512,1.3735217
Belgium,BEL,2002,58.512478,40.079067,1.4084506
Belgium,BEL,2003,56.69499,41.869095,1.435922
Belgium,BEL,2004,57.06187,41.12893,1.8091906
Belgium,BEL,2005,56.411472,41.087933,2.5005925
Belgium,BEL,2006,55.975525,40.472763,3.551716
Belgium,BEL,2007,55.558117,40.42161,4.020274
Belgium,BEL,2008,54.863956,39.814594,5.3214545
Belgium,BEL,2009,52.60695,41.33244,6.060606
Belgium,BEL,2010,51.542843,41.42565,7.031502
Belgium,BEL,2011,54.051327,36.63566,9.313012
Belgium,BEL,2012,49.429516,37.676357,12.894123
Belgium,BEL,2013,52.031727,33.66687,14.301404
Belgium,BEL,2014,47.331463,35.519665,17.148876
Belgium,BEL,2015,38.141167,40.742363,21.116468
Belgium,BEL,2016,51.612904,31.487192,16.899904
Belgium,BEL,2017,49.484417,32.001408,18.51418
Belgium,BEL,2018,38.711426,38.048187,23.24039
Belgium,BEL,2019,46.952206,32.053078,20.99471
Belgium,BEL,2020,39.000908,34.435886,26.563208
Belgium,BEL,2021,50.638897,26.491598,22.869505
Belgium,BEL,2022,46.61143,27.629063,25.759508
Belgium,BEL,2023,40.55825,26.383495,33.05825
Belize,BLZ,2000,0,30.769232,69.230774
Belize,BLZ,2001,0,30.769232,69.230774
Belize,BLZ,2002,0,35.714287,64.28571
Belize,BLZ,2003,0,62.5,37.5
Belize,BLZ,2004,0,57.142857,42.857143
Belize,BLZ,2005,0,56.25,43.75
Belize,BLZ,2006,0,14.285715,85.71429
Belize,BLZ,2007,0,18.181818,81.818184
Belize,BLZ,2008,0,4.7619047,95.2381
Belize,BLZ,2009,0,20.833334,79.16667
Belize,BLZ,2010,0,11.904762,88.09524
Belize,BLZ,2011,0,6.060606,93.93939
Belize,BLZ,2012,0,7.894737,92.10526
Belize,BLZ,2013,0,5.4054055,94.5946
Belize,BLZ,2014,0,8.333333,91.666664
Belize,BLZ,2015,0,8.333333,91.666664
Belize,BLZ,2016,0,5.263158,94.73685
Belize,BLZ,2017,0,5,95
Belize,BLZ,2018,0,7.3170733,92.68293
Belize,BLZ,2019,0,13.461539,86.53847
Belize,BLZ,2020,0,17.857143,82.14286
Belize,BLZ,2021,0,17.857143,82.14286
Belize,BLZ,2022,0,19.35484,80.64516
Benin,BEN,2000,0,100,0
Benin,BEN,2001,0,100,0
Benin,BEN,2002,0,100,0
Benin,BEN,2003,0,100,0
Benin,BEN,2004,0,100,0
Benin,BEN,2005,0,100,0
Benin,BEN,2006,0,100,0
Benin,BEN,2007,0,100,0
Benin,BEN,2008,0,100,0
Benin,BEN,2009,0,100,0
Benin,BEN,2010,0,100,0
Benin,BEN,2011,0,100,0
Benin,BEN,2012,0,100,0
Benin,BEN,2013,0,100,0
Benin,BEN,2014,0,100,0
Benin,BEN,2015,0,100,0
Benin,BEN,2016,0,100,0
Benin,BEN,2017,0,100,0
Benin,BEN,2018,0,100,0
Benin,BEN,2019,0,98.14814,1.8518518
Benin,BEN,2020,0,98.9899,1.010101
Benin,BEN,2021,0,98.23009,1.7699115
Benin,BEN,2022,0,98.23009,1.7699115
Bermuda,BMU,2000,0,98.33332,1.6666666
Bermuda,BMU,2001,0,98.36066,1.6393442
Bermuda,BMU,2002,0,98.4375,1.5625
Bermuda,BMU,2003,0,98.48485,1.5151515
Bermuda,BMU,2004,0,98.48485,1.5151515
Bermuda,BMU,2005,0,98.55073,1.4492754
Bermuda,BMU,2006,0,98.59155,1.4084507
Bermuda,BMU,2007,0,98.630135,1.369863
Bermuda,BMU,2008,0,98.61111,1.3888888
Bermuda,BMU,2009,0,98.64865,1.3513514
Bermuda,BMU,2010,0,98.64865,1.3513514
Bermuda,BMU,2011,0,98.630135,1.369863
Bermuda,BMU,2012,0,98.571434,1.4285715
Bermuda,BMU,2013,0,98.52941,1.4705882
Bermuda,BMU,2014,0,98.48485,1.5151515
Bermuda,BMU,2015,0,98.50746,1.4925373
Bermuda,BMU,2016,0,98.48485,1.5151515
Bermuda,BMU,2017,0,98.50746,1.4925373
Bermuda,BMU,2018,0,98.4375,1.5625
Bermuda,BMU,2019,0,98.36066,1.6393442
Bermuda,BMU,2020,0,98.30509,1.6949153
Bermuda,BMU,2021,0,98.30509,1.6949153
Bermuda,BMU,2022,0,98.4127,1.5873016
Bhutan,BTN,2000,0,0,100
Bhutan,BTN,2001,0,0,100
Bhutan,BTN,2002,0,0,100
Bhutan,BTN,2003,0,0,100
Bhutan,BTN,2004,0,0,100
Bhutan,BTN,2005,0,0,100.00001
Bhutan,BTN,2006,0,0,100
Bhutan,BTN,2007,0,0,100
Bhutan,BTN,2008,0,0,100
Bhutan,BTN,2009,0,0,100
Bhutan,BTN,2010,0,0,100
Bhutan,BTN,2011,0,0,100
Bhutan,BTN,2012,0,0,100
Bhutan,BTN,2013,0,0,100
Bhutan,BTN,2014,0,0,100
Bhutan,BTN,2015,0,0,100
Bhutan,BTN,2016,0,0,100
Bhutan,BTN,2017,0,0,100
Bhutan,BTN,2018,0,0,100
Bhutan,BTN,2019,0,0,100
Bhutan,BTN,2020,0,0,100
Bhutan,BTN,2021,0,0,100
Bhutan,BTN,2022,0,0,100
Bolivia,BOL,2000,0,48.453606,51.54639
Bolivia,BOL,2001,0,45.454544,54.54546
Bolivia,BOL,2002,0,46.394234,53.60577
Bolivia,BOL,2003,0,53.348732,46.65127
Bolivia,BOL,2004,0,51.655624,48.344368
Bolivia,BOL,2005,0,59.100204,40.899796
Bolivia,BOL,2006,0,56.4,43.6
Bolivia,BOL,2007,0,56.80147,43.198524
Bolivia,BOL,2008,0,60.304054,39.695942
Bolivia,BOL,2009,0,62.15781,37.842186
Bolivia,BOL,2010,0,66.31579,33.68421
Bolivia,BOL,2011,0,66.00845,33.99154
Bolivia,BOL,2012,0,67.47639,32.52362
Bolivia,BOL,2013,0,66.19718,33.80282
Bolivia,BOL,2014,0,71.3253,28.6747
Bolivia,BOL,2015,0,70.55556,29.444445
Bolivia,BOL,2016,0,79.24731,20.752687
Bolivia,BOL,2017,0,74.86965,25.130344
Bolivia,BOL,2018,0,69.84771,30.152283
Bolivia,BOL,2019,0,63.126842,36.873158
Bolivia,BOL,2020,0,64.156624,35.843372
Bolivia,BOL,2021,0,62.476547,37.523453
Bolivia,BOL,2022,0,64.98697,35.013035
Bolivia,BOL,2023,0,71.19341,28.806585
Bosnia and Herzegovina,BIH,2014,0,65.12038,34.879623
Bosnia and Herzegovina,BIH,2015,0,66.22033,33.77967
Bosnia and Herzegovina,BIH,2016,0,68.32298,31.677021
Bosnia and Herzegovina,BIH,2017,0,76.47784,23.522167
Bosnia and Herzegovina,BIH,2018,0,65.65286,34.34714
Bosnia and Herzegovina,BIH,2019,0,63.318024,36.681976
Bosnia and Herzegovina,BIH,2020,0,70.815956,29.184036
Bosnia and Herzegovina,BIH,2021,0,60.99946,39.00054
Bosnia and Herzegovina,BIH,2022,0,66.52568,33.474323
Bosnia and Herzegovina,BIH,2023,0,59.289948,40.71006
Bosnia and Herzegovina,BIH,2000,,51.198463,48.801533
Bosnia and Herzegovina,BIH,2001,,51.26999,48.730007
Bosnia and Herzegovina,BIH,2002,,51.15848,48.84152
Bosnia and Herzegovina,BIH,2003,,60.070984,39.929012
Bosnia and Herzegovina,BIH,2004,,53.024353,46.97565
Bosnia and Herzegovina,BIH,2005,,52.38095,47.619045
Bosnia and Herzegovina,BIH,2006,,56.057186,43.942814
Bosnia and Herzegovina,BIH,2007,,66.129036,33.870968
Bosnia and Herzegovina,BIH,2008,,66.803,33.197002
Bosnia and Herzegovina,BIH,2009,,59.689926,40.310078
Bosnia and Herzegovina,BIH,2010,,52.569397,47.430595
Bosnia and Herzegovina,BIH,2011,,70.86928,29.130724
Bosnia and Herzegovina,BIH,2012,,69.94931,30.050688
Bosnia and Herzegovina,BIH,2013,,58.028984,41.971016
Botswana,BWA,2000,0,100,0
Botswana,BWA,2001,0,100,0
Botswana,BWA,2002,0,100,0
Botswana,BWA,2003,0,100,0
Botswana,BWA,2004,0,100,0
Botswana,BWA,2005,0,100,0
Botswana,BWA,2006,0,100,0
Botswana,BWA,2007,0,100,0
Botswana,BWA,2008,0,100,0
Botswana,BWA,2009,0,100,0
Botswana,BWA,2010,0,100,0
Botswana,BWA,2011,0,100,0
Botswana,BWA,2012,0,100,0
Botswana,BWA,2013,0,100,0
Botswana,BWA,2014,0,100,0
Botswana,BWA,2015,0,100,0
Botswana,BWA,2016,0,100,0
Botswana,BWA,2017,0,100,0
Botswana,BWA,2018,0,99.67846,0.32154343
Botswana,BWA,2019,0,99.60159,0.3984064
Botswana,BWA,2020,0,99.54128,0.4587156
Botswana,BWA,2021,0,99.5984,0.4016064
Botswana,BWA,2022,0,99.61977,0.38022813
Brazil,BRA,1985,1.7456428,4.5740423,
Brazil,BRA,1986,0.07124166,8.099766,
Brazil,BRA,1987,0.47852895,6.4883094,
Brazil,BRA,1988,0.2828527,5.5417104,
Brazil,BRA,1989,0.82529455,5.328723,
Brazil,BRA,1990,1.0039488,4.495129,94.50092
Brazil,BRA,1991,0.61524993,4.7584524,94.626305
Brazil,BRA,1992,0.7275752,4.852125,94.4203
Brazil,BRA,1993,0.17539465,4.56827,95.256325
Brazil,BRA,1994,0.021150542,4.5732417,95.4056
Brazil,BRA,1995,0.91400105,4.9287124,94.15729
Brazil,BRA,1996,0.8333175,5.606276,93.5604
Brazil,BRA,1997,1.0289603,5.9926877,92.978355
Brazil,BRA,1998,1.0147673,6.061945,92.92329
Brazil,BRA,1999,1.1881351,8.665204,90.03717
Brazil,BRA,2000,1.7338722,8.775399,89.49073
Brazil,BRA,2001,4.3463707,11.365089,84.28854
Brazil,BRA,2002,4.0032396,10.256855,85.739914
Brazil,BRA,2003,3.6664011,9.168747,87.16485
Brazil,BRA,2004,2.9962065,10.968025,86.035774
Brazil,BRA,2005,2.4437444,10.427469,87.128784
Brazil,BRA,2006,3.2781022,9.967814,86.75408
Brazil,BRA,2007,2.7743459,8.999214,88.22644
Brazil,BRA,2008,3.0161061,12.668941,84.31496
Brazil,BRA,2009,2.7801015,8.172983,89.04691
Brazil,BRA,2010,2.8150446,12.382707,84.80225
Brazil,BRA,2011,2.9449375,9.861591,87.19347
Brazil,BRA,2012,2.9031677,14.533937,82.5629
Brazil,BRA,2013,2.7065852,20.468441,76.824974
Brazil,BRA,2014,2.604352,24.116503,73.279144
Brazil,BRA,2015,2.5343244,23.257975,74.2077
Brazil,BRA,2016,2.739726,16.792482,80.46779
Brazil,BRA,2017,2.6708748,18.081858,79.24727
Brazil,BRA,2018,2.6056302,15.036831,82.35754
Brazil,BRA,2019,2.5468552,16.067453,81.38569
Brazil,BRA,2020,2.234557,14.598575,83.16687
Brazil,BRA,2021,2.240478,20.397495,77.36203
Brazil,BRA,2022,2.1501248,10.480382,87.3695
Brazil,BRA,2023,2.0345495,9.2837715,88.68169
British Virgin Islands,VGB,2000,0,100,0
British Virgin Islands,VGB,2001,0,100,0
British Virgin Islands,VGB,2002,0,100,0
British Virgin Islands,VGB,2003,0,100,0
British Virgin Islands,VGB,2004,0,100,0
British Virgin Islands,VGB,2005,0,100,0
British Virgin Islands,VGB,2006,0,100,0
British Virgin Islands,VGB,2007,0,99.99999,0
British Virgin Islands,VGB,2008,0,99.99999,0
British Virgin Islands,VGB,2009,0,100,0
British Virgin Islands,VGB,2010,0,100,0
British Virgin Islands,VGB,2011,0,100,0
British Virgin Islands,VGB,2012,0,100,0
British Virgin Islands,VGB,2013,0,100,0
British Virgin Islands,VGB,2014,0,100,0
British Virgin Islands,VGB,2015,0,100,0
British Virgin Islands,VGB,2016,0,100,0
British Virgin Islands,VGB,2017,0,100,0
British Virgin Islands,VGB,2018,0,100,0
British Virgin Islands,VGB,2019,0,100,0
British Virgin Islands,VGB,2020,0,100,0
British Virgin Islands,VGB,2021,0,100,0
British Virgin Islands,VGB,2022,0,100,0
Brunei,BRN,2000,0,100,0
Brunei,BRN,2001,0,100,0
Brunei,BRN,2002,0,100,0
Brunei,BRN,2003,0,100,0
Brunei,BRN,2004,0,100,0
Brunei,BRN,2005,0,100,0
Brunei,BRN,2006,0,100,0
Brunei,BRN,2007,0,100,0
Brunei,BRN,2008,0,100,0
Brunei,BRN,2009,0,100,0
Brunei,BRN,2010,0,100,0
Brunei,BRN,2011,0,100,0
Brunei,BRN,2012,0,100,0
Brunei,BRN,2013,0,100,0
Brunei,BRN,2014,0,100,0
Brunei,BRN,2015,0,100,0
Brunei,BRN,2016,0,100,0
Brunei,BRN,2017,0,100,0
Brunei,BRN,2018,0,100,0
Brunei,BRN,2019,0,100,0
Brunei,BRN,2020,0,100.00001,0
Brunei,BRN,2021,0,100,0
Brunei,BRN,2022,0,100,0
Bulgaria,BGR,1985,31.540642,,
Bulgaria,BGR,1986,28.86179,,
Bulgaria,BGR,1987,28.60626,,
Bulgaria,BGR,1988,35.60561,,
Bulgaria,BGR,1989,32.85737,,
Bulgaria,BGR,1990,34.988064,61.121716,3.8902147
Bulgaria,BGR,1991,32.39125,62.029984,5.5787663
Bulgaria,BGR,1992,32.590294,62.048534,5.361174
Bulgaria,BGR,1993,36.918606,58.350952,4.730444
Bulgaria,BGR,1994,40.38968,56.18747,3.4228542
Bulgaria,BGR,1995,41.440575,53.34934,5.210084
Bulgaria,BGR,1996,42.361763,50.866917,6.7713213
Bulgaria,BGR,1997,41.686237,51.925785,6.387975
Bulgaria,BGR,1998,40.801548,51.78658,7.4118786
Bulgaria,BGR,1999,41.682045,51.120483,7.1974688
Bulgaria,BGR,2000,44.789356,48.731216,6.4794283
Bulgaria,BGR,2001,45.004604,51.197056,3.7983427
Bulgaria,BGR,2002,48.051327,46.910645,5.038022
